mutation_chance: 0.016913720352476375
stagnancy_length: 2
stagnancy_extra_mutation_chance: 0.020176729035797453
